O 1 39.22 34.38 4.79
O 2 3.55 61.12 1.86
O 3 35.04 63.19 2.15
O 4 79.04 13.22 1.76
O 5 58.8 84.53 1.36
O 6 65.78 93.51 3.45
O 7 63.21 24.44 2.8
O 8 4.14 28.22 1.08
O 9 43.36 38.97 3.88
O 10 32.71 42.41 1.83
O 11 24.26 66.56 3.81
O 12 99.85 68.97 1.07
O 13 57.85 77.2 3.18
O 14 9.47 28.03 3.61
O 15 57.7 71.88 2.51
O 16 41.7 0.66 2.96
O 17 83.28 39.92 1.83
O 18 86.11 27.36 1.14
O 19 25.19 24.91 2.04
O 20 13.69 11.61 4.78
O 21 73.78 5.48 2.74
O 22 33.42 45.16 2.41
O 23 56.33 55.59 1.95
O 24 28.29 24.34 2.89
O 25 54.75 70.89 2.51
O 26 49.28 46.45 3.61
O 27 29.8 0.48 2.34
O 28 9.04 23.69 2.79
O 29 63.46 5.76 2.91
O 30 35.2 79.57 3.31
O 31 76.83 62.88 3.13
O 32 86.59 84.98 1.04
O 33 76.35 30.44 1.77
O 34 41.44 49.45 3.29
O 35 58.27 65.25 3.12
O 36 91.93 86.59 2.96
O 37 95.16 24.31 3.42
O 38 17.85 83.84 3.03
O 39 0.16 63.26 3.64
O 40 48.3 81.21 3.86
O 41 41.98 90.71 2.94
O 42 8.7 36.99 3.62
O 43 1.65 53.57 4.3
O 44 19.15 8.97 3.16
O 45 71.1 45.17 2.01
O 46 26.85 19.31 1.58
O 47 77.71 61.72 3.85
O 48 94.55 76.04 3.19
O 49 62.78 43.83 4.11
O 50 33.03 25.69 3.21
O 51 78.31 12.01 2.01
O 52 44.15 95.71 4.01
O 53 8.83 30.97 4.71
O 54 90.45 38.87 3.31
O 55 95.79 80.56 2.04
O 56 34.46 44.75 4.04
O 57 51.39 72.18 2.53
O 58 10.54 59.18 1.21
O 59 14.27 43.3 1.32
O 60 47.07 92.62 1.55
O 61 98.04 98.5 2.9
O 62 81.32 8.09 2.65
O 63 71.23 73.01 1.81
O 64 9.94 94.08 4.03
O 65 10.3 76.44 2.67
O 66 3.62 21.43 2.57
O 67 22.5 73.78 2.42
O 68 95.01 13.68 1.69
O 69 31.49 51.45 2.02
O 70 54.05 50.39 2.36
O 71 23.1 45.16 1.46
O 72 10.48 9.16 3.48
O 73 70.62 86.44 1.5
O 74 30.34 86.26 1.93
O 75 75.66 62.41 4.35
O 76 95.06 70.93 1.18
O 77 11.56 19.5 2.63
O 78 46.21 99.52 3.71
O 79 28.71 42.39 3.84
O 80 75.2 38.96 3.31
O 81 2.68 80.18 4.49
O 82 58.24 76.45 3.56
O 83 11.05 56.09 4.77
O 84 19.73 14.66 2.96
O 85 70.77 50.59 2.06
O 86 48.26 34.87 3.46
O 87 66.67 49.42 2.76
O 88 56.91 59.41 2.91
O 89 1.61 19.07 2.77
O 90 44.81 34.78 3.89
O 91 47.35 81.57 2.36
O 92 24.27 18.46 4.04
O 93 71.29 0.07 4.02
O 94 46.72 26.87 4.82
O 95 57.28 76.17 1.96
O 96 44.51 63.58 3.56
O 97 63.42 60.81 4.98
O 98 4.16 29.47 3.61
O 99 0.7 19.35 1.95
O 100 62.59 66.01 3.56
O 101 47.04 50.77 3.97
O 102 16.28 86.36 4.62
O 103 88.47 93.62 2.72
O 104 96.9 94.87 1.01
O 105 24.84 84.79 3.81
O 106 40.62 83.09 2.81
O 107 11.38 66.66 2.65
O 108 55.98 49.58 1.16
O 109 63.8 77.91 3.89
O 110 3.58 70.77 1.06
O 111 8.65 49.73 3.35
O 112 37.68 67.96 3.88
O 113 41.99 81.16 3.8
O 114 10.74 67.72 3.33
O 115 25.83 46.76 1.47
O 116 69.95 81.26 1.89
O 117 96.31 4.56 3.14
O 118 66.49 64.12 4.54
O 119 60.88 30.81 2.74
O 120 90.3 10.39 4.09
O 121 46.74 52.92 4.38
O 122 40.79 85.41 4.13
O 123 36.56 15.05 3.34
O 124 42.51 31.43 1.25
O 125 81.33 3.88 4.82
O 126 92.13 5.66 1.36
O 127 8.15 18.18 4.98
O 128 95.76 37.54 1.45
O 129 19.33 17.25 1.53
O 130 40.57 78.78 3.21
O 131 63.17 24.13 2.77
O 132 81.71 38.55 2.42
O 133 86.89 72.25 3.86
O 134 14.49 93.25 3.18
O 135 0.69 23.72 2.4
O 136 49.53 44.3 2.04
O 137 96.59 92.57 2.21
O 138 51.04 31.27 3.6
O 139 79.8 44.4 3.94
O 140 43.32 93.77 1.56
O 141 96.76 42.0 4.19
O 142 66.07 0.36 1.04
O 143 5.68 30.47 2.25
O 144 91.74 87.43 4.68
O 145 92.02 82.01 4.42
O 146 37.0 78.73 2.0
O 147 73.07 7.67 1.57
O 148 59.89 90.36 2.36
O 149 53.85 4.53 2.03
O 150 34.63 15.19 4.84
O 151 18.86 63.54 1.69
O 152 97.13 41.31 4.27
O 153 73.75 31.7 4.14
O 154 42.7 79.84 4.73
O 155 64.6 15.94 4.47
O 156 36.25 49.06 4.75
O 157 62.0 68.24 1.22
O 158 99.45 40.36 4.39
O 159 16.35 53.34 3.89
O 160 9.68 20.92 4.8
O 161 72.16 57.29 3.93
O 162 77.79 54.47 1.74
O 163 51.83 11.64 4.05
O 164 41.49 82.04 3.26
O 165 67.47 90.98 4.23
O 166 37.01 85.38 4.16
O 167 41.98 84.42 2.23
O 168 47.28 92.06 2.59
O 169 41.73 27.01 3.32
O 170 60.2 97.77 4.98
O 171 79.2 39.98 3.56
O 172 75.42 30.05 1.06
O 173 73.44 46.76 3.35
O 174 32.86 8.73 3.44
O 175 78.98 65.63 3.5
O 176 37.36 82.56 1.48
O 177 39.16 21.93 1.35
O 178 48.1 33.58 2.8
O 179 13.31 15.14 1.1
O 180 67.19 90.16 3.11
O 181 86.86 49.63 4.85
O 182 57.79 66.86 4.88
O 183 16.93 26.75 2.47
O 184 38.06 61.68 1.37
O 185 45.08 94.61 3.15
O 186 30.07 70.31 2.55
O 187 20.3 42.25 4.34
O 188 90.24 39.44 2.17
O 189 92.1 47.74 4.71
O 190 5.68 5.75 1.15
O 191 86.77 46.45 2.6
O 192 21.59 70.03 3.77
O 193 69.9 99.48 4.16
O 194 24.39 13.62 1.71
O 195 80.38 7.48 2.59
O 196 34.01 54.89 3.86
O 197 36.39 70.47 2.45
O 198 34.57 0.05 3.4
O 199 99.29 60.54 4.23
O 200 27.52 51.67 1.95
O 201 57.87 54.95 1.83
O 202 86.38 30.85 4.9
O 203 74.78 28.18 4.28
O 204 31.72 31.27 4.31
O 205 51.52 76.68 4.5
O 206 3.88 19.39 2.12
O 207 18.48 13.71 1.14
O 208 26.74 61.81 2.11
O 209 62.62 74.5 2.98
O 210 4.23 49.22 2.62
O 211 42.73 13.67 4.39
O 212 70.15 99.35 4.86
O 213 60.63 96.24 3.09
O 214 83.91 51.2 4.64
O 215 97.85 89.74 2.21
O 216 36.33 90.09 4.2
O 217 68.96 39.92 1.7
O 218 33.15 60.25 1.79
O 219 72.71 21.93 2.48
O 220 78.48 95.38 1.47
O 221 69.49 37.47 1.86
O 222 80.49 33.37 3.52
O 223 93.45 64.7 2.76
O 224 17.79 63.25 2.4
O 225 13.22 99.86 3.2
O 226 50.01 61.08 4.53
O 227 40.62 70.52 4.43
O 228 5.33 11.77 1.13
O 229 95.72 76.64 3.39
O 230 20.63 85.77 1.7
O 231 52.57 49.62 2.85
O 232 23.16 39.1 3.41
O 233 89.43 48.05 1.54
O 234 79.78 23.17 2.12
O 235 44.51 75.14 1.47
O 236 87.52 10.71 3.53
O 237 60.29 96.98 3.15
O 238 31.27 67.76 2.73
O 239 50.59 34.83 1.16
O 240 88.39 50.46 3.96
O 241 39.24 64.17 4.62
O 242 35.6 25.25 3.71
O 243 88.32 28.31 4.19
O 244 51.95 95.78 1.22
O 245 23.39 56.03 2.83
O 246 6.17 11.77 2.1
O 247 15.35 18.8 4.65
O 248 62.26 93.93 1.52
O 249 46.79 69.06 4.66
O 250 51.22 10.3 4.51
O 251 37.53 9.99 2.09
O 252 62.46 12.61 2.94
O 253 41.64 84.38 3.02
O 254 4.39 88.62 1.31
O 255 1.09 72.14 4.21
O 256 18.19 42.19 4.72
O 257 50.58 28.78 2.8
O 258 74.33 6.93 1.14
O 259 38.56 48.83 2.0
O 260 65.9 65.02 1.06
O 261 73.44 64.76 2.83
O 262 68.01 44.72 3.8
O 263 72.37 48.9 4.46
O 264 60.69 64.2 3.02
O 265 8.68 30.18 3.3
O 266 30.64 11.06 4.64
O 267 26.11 32.32 3.03
O 268 32.42 69.22 4.04
O 269 14.9 67.29 1.43
O 270 1.4 6.93 4.98
O 271 36.05 67.05 2.5
O 272 2.06 81.22 2.31
O 273 26.96 8.52 2.45
O 274 11.96 90.7 4.64
O 275 96.38 5.04 2.05
O 276 49.38 34.16 4.6
O 277 25.09 94.53 3.56
O 278 43.91 84.26 3.86
O 279 6.66 47.92 3.36
O 280 63.19 7.3 3.74
O 281 81.95 19.64 4.64
O 282 18.6 91.8 3.64
O 283 43.41 68.91 3.47
O 284 45.26 97.35 2.98
O 285 3.0 60.83 1.73
O 286 63.46 39.83 1.71
O 287 73.78 39.42 3.19
O 288 23.75 24.6 3.56
O 289 20.86 56.21 1.94
O 290 43.37 85.65 3.64
O 291 85.62 25.66 1.54
O 292 46.77 70.93 4.32
O 293 77.47 75.12 1.59
O 294 40.97 82.49 3.81
O 295 68.16 52.49 2.22
O 296 2.41 85.76 1.92
O 297 72.16 75.13 1.52
O 298 72.88 63.21 3.96
O 299 51.23 83.65 2.13
O 300 25.49 71.31 1.63
O 301 33.68 18.17 3.53
O 302 41.15 79.32 2.6
O 303 7.57 21.67 1.12
O 304 1.07 6.77 2.74
O 305 1.3 41.2 2.23
O 306 61.32 1.28 4.08
O 307 60.97 55.25 1.08
O 308 5.32 53.87 1.21
O 309 93.04 75.15 4.69
O 310 8.88 76.02 3.33
O 311 51.87 24.05 4.02
O 312 17.09 58.23 4.81
O 313 35.91 69.75 2.6
O 314 14.27 61.63 2.91
O 315 28.94 70.7 4.66
O 316 83.96 14.41 4.52
O 317 42.31 48.25 1.19
O 318 29.32 74.74 3.95
O 319 84.2 51.58 2.07
O 320 73.82 32.39 3.64
O 321 2.42 38.14 2.81
O 322 69.56 96.35 3.75
O 323 90.99 32.0 3.52
O 324 15.28 10.51 1.43
O 325 53.16 36.17 2.46
O 326 12.02 99.66 1.82
O 327 81.0 50.18 2.58
O 328 55.85 45.07 1.36
O 329 27.05 75.62 3.39
O 330 1.35 86.11 1.2
O 331 72.06 12.37 2.24
O 332 26.53 58.48 2.24
O 333 73.55 13.84 2.36
O 334 12.38 68.8 3.28
O 335 77.57 84.15 4.39
O 336 68.24 57.2 3.5
O 337 79.02 7.83 3.81
O 338 73.7 14.61 4.11
O 339 48.12 23.26 4.4
O 340 51.08 49.62 1.87
O 341 76.04 54.44 4.49
O 342 88.82 31.74 4.35
O 343 68.65 12.98 3.28
O 344 20.32 63.37 4.06
O 345 39.41 76.59 4.83
O 346 6.77 51.8 4.04
O 347 45.56 75.57 1.83
O 348 83.75 84.61 4.0
O 349 28.47 59.62 2.33
O 350 20.48 66.67 1.36
O 351 52.24 94.34 3.52
O 352 4.36 30.96 1.45
O 353 90.01 73.07 4.49
O 354 4.36 54.24 3.99
O 355 40.28 82.33 1.94
O 356 16.62 47.23 3.77
O 357 45.27 0.39 3.08
O 358 80.02 29.99 2.93
O 359 75.66 83.13 1.89
O 360 46.56 79.29 3.53
O 361 59.04 10.89 1.03
O 362 60.89 42.27 4.08
O 363 79.55 24.18 2.8
O 364 24.57 45.05 3.07
O 365 26.87 5.68 4.53
O 366 99.98 70.45 2.79
O 367 24.2 71.02 1.45
O 368 54.96 97.16 1.6
O 369 70.15 67.98 2.06
O 370 90.86 84.32 2.41
O 371 17.27 95.49 4.49
O 372 2.88 98.66 3.25
O 373 89.85 99.11 3.21
O 374 87.93 8.92 1.64
O 375 28.04 10.63 1.06
O 376 69.67 33.3 4.64
O 377 11.97 80.78 3.68
O 378 62.75 18.21 4.37
O 379 55.41 0.19 2.87
O 380 24.58 43.16 2.0
O 381 80.49 50.89 2.78
O 382 46.06 96.58 3.97
O 383 65.17 35.54 3.93
O 384 63.37 24.25 1.24
O 385 56.64 97.09 4.83
O 386 77.04 44.14 2.64
O 387 82.37 96.33 2.55
O 388 47.79 26.89 2.69
O 389 95.33 28.47 1.58
O 390 76.91 92.38 2.29
O 391 96.47 95.19 1.5
O 392 55.42 99.84 4.94
O 393 98.96 16.52 2.64
O 394 75.08 33.66 3.73
O 395 98.4 81.31 4.77
O 396 43.93 97.69 1.57
O 397 86.54 35.53 2.57
O 398 2.17 53.16 3.09
O 399 84.07 68.89 2.16
O 400 6.14 65.75 1.16
O 401 6.59 9.18 2.17
O 402 54.31 28.2 3.1
O 403 52.08 45.69 1.43
O 404 63.35 48.53 1.48
O 405 4.62 11.38 3.97
O 406 62.34 11.62 2.76
O 407 92.7 2.96 2.04
O 408 27.76 46.55 4.95
O 409 36.77 94.65 4.81
O 410 98.71 8.99 3.58
O 411 11.95 79.51 1.83
O 412 54.64 94.79 1.41
O 413 61.17 41.57 2.64
O 414 72.18 90.76 1.07
O 415 91.64 41.93 3.34
O 416 44.22 85.28 4.66
O 417 68.57 23.38 2.68
O 418 45.15 63.2 4.63
O 419 48.28 49.99 1.48
O 420 87.39 77.79 1.13
O 421 86.22 84.08 2.41
O 422 43.57 25.93 4.99
O 423 94.55 21.88 1.98
O 424 92.39 73.21 3.82
O 425 22.9 2.66 2.58
O 426 60.16 29.97 2.25
O 427 95.59 84.19 1.53
O 428 53.6 57.34 3.54
O 429 85.29 73.25 4.64
O 430 67.63 94.8 1.84
O 431 84.03 47.29 2.62
O 432 38.64 74.55 4.49
O 433 40.65 59.95 3.22
O 434 87.54 56.97 4.76
O 435 74.02 30.69 3.1
O 436 75.84 99.3 3.96
O 437 64.94 34.15 4.69
O 438 67.33 48.85 4.96
O 439 28.9 98.92 1.52
O 440 23.47 27.02 2.08
O 441 93.55 39.39 1.45
O 442 24.21 10.47 4.23
O 443 27.75 93.51 3.16
O 444 56.13 62.58 2.2
O 445 54.93 97.46 2.71
O 446 44.29 51.59 3.95
O 447 76.99 33.74 3.33
O 448 45.03 75.3 2.39
O 449 59.02 45.19 2.14
O 450 75.24 6.8 1.78
O 451 38.1 49.31 2.11
O 452 8.11 77.26 1.95
O 453 69.68 56.64 4.34
O 454 33.27 25.99 3.73
O 455 72.0 9.24 2.62
O 456 34.15 96.08 1.17
O 457 8.49 99.29 4.78
O 458 89.1 65.08 3.07
O 459 76.52 85.58 3.52
O 460 85.22 8.49 2.49
O 461 66.96 43.77 3.93
O 462 40.2 98.75 4.83
O 463 20.24 66.42 3.86
O 464 51.03 45.46 4.06
O 465 64.12 95.01 4.45
O 466 99.38 59.42 4.01
O 467 7.66 51.88 1.77
O 468 89.1 56.17 1.99
O 469 97.01 41.63 1.56
O 470 98.74 79.31 4.38
O 471 3.87 33.2 2.69
O 472 55.23 23.27 4.83
O 473 19.3 26.01 3.34
O 474 56.24 17.46 2.85
O 475 0.83 53.09 3.06
O 476 82.06 85.76 4.65
O 477 90.62 57.29 2.26
O 478 33.5 24.43 4.2
O 479 86.27 51.9 1.42
O 480 85.92 67.74 3.8
O 481 77.63 80.98 2.03
O 482 62.13 53.89 1.75
O 483 31.28 47.41 2.5
O 484 86.7 46.51 2.83
O 485 97.6 0.5 3.04
O 486 82.48 29.25 4.64
O 487 79.66 56.5 1.28
O 488 1.13 45.43 4.67
O 489 70.48 24.98 1.42
O 490 53.44 90.45 1.21
O 491 74.88 3.9 3.84
O 492 12.34 72.95 3.66
O 493 88.14 69.95 3.69
O 494 71.95 26.52 4.93
O 495 59.52 98.7 3.76
O 496 17.64 70.64 3.11
O 497 93.37 71.06 1.22
O 498 12.8 13.34 4.05
O 499 80.59 81.42 4.92
O 500 19.78 74.65 3.47
O 501 28.75 2.2 3.71
O 502 14.77 25.72 4.76
O 503 17.76 24.33 2.37
O 504 24.41 46.01 2.47
O 505 31.38 35.54 4.99
O 506 46.99 83.19 1.96
O 507 94.42 69.79 2.08
O 508 65.03 40.82 2.54
O 509 26.41 35.01 4.0
O 510 72.27 68.23 4.07
O 511 81.01 96.99 4.59
O 512 38.98 80.66 2.07
O 513 63.41 2.83 4.35
O 514 22.94 47.72 3.48
O 515 94.93 54.23 1.41
O 516 46.78 28.29 3.95
O 517 79.86 94.48 5.0
O 518 15.48 79.3 4.33
O 519 74.74 19.53 4.87
O 520 63.45 88.14 4.77
O 521 74.78 50.88 3.99
O 522 9.16 58.73 2.17
O 523 84.41 16.27 1.53
O 524 10.36 39.42 2.7
O 525 87.5 54.02 1.26
O 526 86.14 70.68 3.17
O 527 38.74 68.71 3.04
O 528 35.34 77.87 4.59
O 529 24.11 48.49 2.24
O 530 77.13 20.03 4.44
O 531 1.18 47.16 2.68
O 532 0.27 23.48 1.9
O 533 1.44 92.21 1.69
O 534 86.47 78.12 3.73
O 535 15.66 14.18 4.75
O 536 39.02 55.11 1.4
O 537 81.66 11.13 1.28
O 538 29.11 96.33 1.5
O 539 12.63 10.84 1.15
O 540 85.87 36.17 1.03
O 541 42.52 19.95 4.0
O 542 6.86 65.66 3.19
O 543 90.93 28.18 3.78
O 544 87.88 66.3 1.02
O 545 90.48 78.62 3.18
O 546 71.74 94.75 3.22
O 547 21.54 84.35 1.63
O 548 99.83 44.34 4.07
O 549 25.54 59.96 4.97
O 550 30.64 39.0 4.91
O 551 13.62 7.62 1.44
O 552 46.11 56.15 1.04
O 553 41.39 29.37 1.04
O 554 76.73 78.48 1.31
O 555 42.75 80.54 2.12
O 556 24.87 86.68 4.37
O 557 43.37 9.52 3.63
O 558 53.82 58.46 2.79
O 559 70.25 8.18 1.1
O 560 46.69 99.26 3.42
O 561 23.56 63.8 1.17
O 562 37.84 68.02 2.21
O 563 37.0 95.32 3.67
O 564 56.77 52.52 3.1
O 565 42.43 18.58 4.7
O 566 55.56 62.86 3.01
O 567 71.4 7.45 3.72
O 568 84.05 44.3 3.04
O 569 99.91 57.14 2.36
O 570 35.52 70.74 1.93
O 571 58.47 30.3 4.35
O 572 27.31 21.77 4.98
O 573 88.74 52.43 1.74
O 574 42.15 86.01 1.72
O 575 41.45 31.19 2.97
O 576 4.07 88.25 1.72
O 577 37.5 99.7 1.68
O 578 76.4 63.05 3.11
O 579 50.01 36.13 4.38
O 580 71.98 19.48 3.92
O 581 13.8 20.88 1.22
O 582 45.97 63.73 4.7
O 583 52.32 24.6 4.92
O 584 76.86 20.92 2.76
O 585 52.64 71.53 4.35
O 586 2.41 18.06 3.27
O 587 99.76 20.1 3.94
O 588 12.22 45.51 3.61
O 589 74.17 42.59 2.33
O 590 72.65 73.25 2.57
O 591 78.08 81.16 1.33
O 592 20.08 75.76 1.77
O 593 54.39 93.32 3.79
O 594 79.78 95.69 4.66
O 595 9.18 25.94 1.68
O 596 1.28 44.71 3.82
O 597 61.5 29.43 2.87
O 598 35.84 15.17 4.16
O 599 87.4 69.74 3.99
O 600 39.7 72.38 3.58
O 601 93.74 97.94 1.26
O 602 4.98 17.65 2.67
O 603 80.87 70.46 4.67
O 604 94.49 20.08 1.04
O 605 69.47 35.44 1.99
O 606 37.14 36.74 4.76
O 607 19.27 48.45 2.44
O 608 65.78 83.23 4.58
O 609 62.56 51.36 4.43
O 610 27.17 6.24 4.75
O 611 53.72 34.11 2.4
O 612 33.33 61.64 4.81
O 613 95.69 23.12 3.08
O 614 29.26 70.51 3.0
O 615 3.43 99.45 1.58
O 616 12.32 57.44 3.39
O 617 47.2 69.83 2.52
O 618 60.38 39.57 3.09
O 619 97.13 5.03 1.96
O 620 11.93 34.33 1.9
O 621 93.1 17.64 1.9
O 622 90.13 9.47 4.53
O 623 18.2 4.35 1.92
O 624 68.53 10.56 1.58
O 625 41.22 28.26 3.13
O 626 62.71 56.07 1.52
O 627 47.87 33.36 2.98
O 628 92.28 11.06 4.32
O 629 46.11 15.77 1.32
O 630 30.2 72.55 1.29
O 631 33.26 10.03 1.52
O 632 33.7 2.85 3.27
O 633 69.98 36.83 1.58
O 634 40.67 47.42 2.19
O 635 18.38 57.89 1.98
O 636 38.2 41.73 3.46
O 637 29.13 27.83 2.68
O 638 53.4 89.22 4.06
O 639 36.63 75.16 4.09
O 640 50.5 25.68 1.65
O 641 24.0 33.59 3.45
O 642 8.12 30.44 4.51
O 643 78.77 46.32 1.73
O 644 8.0 74.73 3.79
O 645 43.55 8.23 2.26
O 646 74.68 56.51 1.79
O 647 40.98 40.06 2.12
O 648 64.04 93.79 2.55
O 649 3.69 54.32 1.06
O 650 42.79 30.32 4.66
O 651 76.44 18.55 2.73
O 652 72.34 62.21 1.25
O 653 86.1 57.23 4.03
O 654 29.83 7.43 2.44
O 655 1.51 23.9 3.9
O 656 1.35 31.85 2.3
O 657 78.99 63.18 2.36
O 658 55.45 39.91 4.25
O 659 65.74 91.58 1.59
O 660 63.26 41.93 4.24
O 661 64.73 42.52 1.24
O 662 29.49 5.59 1.04
O 663 53.72 55.4 4.42
O 664 10.87 38.36 2.17
O 665 28.54 20.02 3.42
O 666 99.11 26.54 1.69
O 667 5.49 1.82 1.21
O 668 78.87 58.39 4.37
O 669 92.37 79.95 4.04
O 670 74.2 67.98 1.86
O 671 15.21 46.63 4.23
O 672 99.41 34.48 3.84
O 673 83.88 75.34 1.66
O 674 72.08 15.62 1.71
O 675 29.0 96.83 2.54
O 676 46.71 70.27 4.76
O 677 20.54 65.82 1.67
O 678 10.36 60.9 2.08
O 679 64.71 32.43 3.09
O 680 27.93 80.59 3.78
O 681 45.38 31.92 2.4
O 682 27.21 65.26 2.23
O 683 54.54 24.86 3.06
O 684 14.16 19.45 2.11
O 685 94.27 25.89 4.26
O 686 44.57 91.35 2.68
O 687 73.68 94.14 4.76
O 688 62.91 3.33 2.57
O 689 8.59 34.62 4.37
O 690 28.61 9.17 1.62
O 691 36.4 1.71 1.24
O 692 98.94 71.93 1.79
O 693 43.15 76.32 1.22
O 694 74.94 2.36 3.56
O 695 30.03 49.48 4.5
O 696 93.62 60.22 4.19
O 697 41.36 29.01 3.66
O 698 20.74 51.06 3.69
O 699 56.57 84.22 1.62
O 700 3.4 61.19 1.15
M 2 527 88.72 62.13
M 25 375 79.05 60.53
M 3 553 70.95 70.78
M 13 183 74.76 26.11
M 30 112 28.9 18.11
M 9 452 34.63 74.96
M 35 243 15.94 93.99
M 36 238 2.12 23.63
M 23 438 12.61 11.91
M 5 106 11.42 53.21
M 50 458 41.12 46.76
M 8 535 72.65 95.26
M 28 197 62.56 92.58
M 50 666 0.86 7.21
M 47 221 41.42 80.9
M 47 223 0.7 76.15
M 41 645 93.2 85.68
M 1 139 31.38 44.38
M 41 359 57.75 6.08
M 31 216 73.17 57.53
M 48 150 57.35 35.68
M 48 671 77.3 94.25
M 28 518 6.35 76.1
M 28 246 32.2 2.21
M 10 239 78.49 25.55
M 30 60 59.93 33.24
M 6 170 89.66 23.08
M 34 264 41.18 93.19
M 32 414 32.2 44.84
M 37 426 48.36 19.9
M 25 182 58.61 97.14
M 1 618 50.25 2.66
M 38 189 38.38 27.06
M 4 575 40.59 16.33
M 28 328 3.16 83.52
M 16 646 46.24 36.26
M 3 583 41.47 41.67
M 23 328 28.96 96.52
M 17 489 74.85 8.48
M 35 396 59.54 43.58
M 44 355 23.12 98.29
M 29 678 26.13 75.18
M 3 625 34.52 80.21
M 6 661 91.02 92.27
M 21 228 28.82 15.94
M 29 466 55.67 81.03
M 21 601 63.92 35.59
M 39 311 63.06 8.08
M 35 310 14.07 90.17
M 1 571 30.84 76.63
M 5 504 68.43 28.06
M 11 320 55.93 26.03
M 31 648 71.44 13.44
M 46 466 18.43 27.9
M 49 450 63.36 74.15
M 13 302 95.54 77.42
M 50 252 47.43 47.57
M 36 82 11.51 42.13
M 2 440 39.41 50.45
M 22 566 96.73 66.93
M 47 49 58.51 94.53
M 32 535 35.17 49.74
M 9 151 68.88 31.23
M 20 653 78.18 48.79
M 19 668 12.47 6.23
M 16 463 34.24 58.69
M 43 174 44.86 39.76
M 8 556 34.55 1.69
M 50 311 31.44 57.74
M 27 563 40.8 14.15
M 50 128 54.26 32.57
M 30 238 82.53 4.68
M 7 596 95.09 10.74
M 43 181 76.76 79.01
M 49 367 78.62 86.73
M 33 132 61.18 51.95
M 4 20 86.14 76.36
M 34 37 32.27 75.52
M 37 406 51.96 35.39
M 44 8 74.34 39.66
M 22 291 13.6 75.99
M 17 372 37.23 95.16
M 46 42 85.31 71.23
M 2 434 48.29 20.33
M 9 212 7.27 58.39
M 29 553 40.16 46.36
M 33 384 92.42 70.15
M 38 265 39.45 9.86
M 35 14 63.33 82.12
M 10 491 46.54 16.95
M 25 324 67.5 13.57
M 39 173 96.51 36.12
M 27 436 82.43 99.42
M 39 687 67.54 35.57
M 28 295 58.56 5.45
M 2 173 36.74 85.65
M 42 347 14.16 26.07
M 35 172 63.63 58.29
M 42 542 37.32 64.21
M 41 23 99.01 40.81
M 18 638 34.4 76.64
M 44 455 15.21 32.22
M 48 530 98.92 94.5
M 11 553 5.32 70.33
M 2 202 84.82 84.32
M 2 653 89.02 84.48
M 15 42 43.66 66.89
M 15 165 4.45 67.14
M 12 156 28.49 81.71
M 32 187 10.16 75.77
M 35 656 80.21 85.69
M 47 275 72.85 97.66
M 19 690 43.23 79.79
M 27 404 36.87 11.17
M 4 426 57.64 89.82
M 5 362 79.95 58.01
M 34 630 96.46 4.68
M 20 632 83.66 98.16
M 19 199 12.91 31.66
M 13 312 8.83 54.21
M 46 427 32.81 16.38
M 25 617 84.36 6.63
M 36 524 32.91 35.09
M 19 239 7.57 77.74
M 16 586 27.03 81.39
M 4 588 27.52 86.91
M 30 295 17.6 15.75
M 17 212 48.41 61.22
M 18 448 14.66 83.74
M 43 201 87.42 75.1
M 17 30 73.67 78.39
M 28 463 6.68 94.97
M 27 220 36.48 97.21
M 1 613 71.81 44.72
M 38 621 67.11 1.16
M 43 478 78.56 57.57
M 9 658 57.13 67.52
M 34 323 91.11 71.83
M 41 667 27.17 5.1
M 23 125 63.91 63.12
M 33 502 57.54 4.56
M 19 521 91.97 41.28
M 13 120 51.18 25.02
M 20 588 12.6 19.04
M 21 585 64.56 13.0
M 5 214 99.93 33.1
M 43 659 86.23 26.25
M 50 48 5.35 81.69
M 41 148 37.76 40.78
M 32 293 72.37 75.95
M 4 180 24.31 8.65
M 40 477 61.01 23.34
M 22 101 90.28 59.28
M 37 607 72.77 73.73
M 7 431 78.53 83.06
M 45 128 60.87 74.8
M 18 384 26.21 31.14
M 5 101 63.63 99.11
M 12 635 12.0 86.24
M 9 608 72.25 80.76
M 49 606 81.05 77.37
M 13 111 52.12 25.23
M 24 654 92.5 48.64
M 42 346 51.14 38.89
M 39 481 20.43 68.93
M 1 244 68.09 31.27
M 23 469 19.37 44.74
M 19 36 58.05 67.19
M 19 606 5.98 66.78
M 9 354 55.3 47.64
M 48 148 42.98 23.03
M 12 320 48.07 95.67
M 46 469 65.84 50.8
M 34 300 97.33 2.18
M 3 113 78.95 64.28
M 40 405 9.2 47.84
M 13 15 5.23 37.75
M 33 179 34.65 62.33
M 22 137 63.5 67.86
M 39 187 18.5 61.51
M 42 658 89.98 21.46
M 11 51 95.51 96.5
M 15 237 96.79 19.67
M 44 542 38.95 17.03
M 20 157 48.91 32.18
M 10 637 20.61 82.77
M 38 430 74.91 49.27
M 3 498 93.85 81.02
M 38 304 32.72 68.9
M 5 688 77.85 55.98
M 27 146 14.55 14.43
M 21 331 11.23 36.82
M 40 226 81.46 0.61
M 49 369 47.7 61.67
M 22 91 41.02 86.09
M 31 481 56.27 3.88
M 4 601 5.88 12.72
M 39 514 35.97 11.09
M 9 75 39.73 11.38
M 36 107 16.5 27.72
M 24 238 20.06 60.44
M 4 223 42.3 98.23
M 35 204 56.24 30.91
M 40 347 99.21 56.91
M 41 267 73.29 71.78
M 40 588 83.56 61.44
M 4 546 5.37 41.46
M 32 145 57.49 26.58
M 17 6 6.99 47.02
M 39 552 19.97 7.89
M 40 153 92.08 22.86
M 32 672 26.34 71.53
M 49 184 21.86 47.53
M 32 320 59.63 12.15
M 41 119 86.75 48.06
M 19 381 5.54 10.34
M 42 290 27.31 51.1
M 43 178 28.57 16.33
M 38 557 28.34 52.18
M 37 162 0.72 20.33
M 34 209 35.2 51.56
M 21 388 41.99 96.34
M 7 434 88.05 42.27
M 49 56 0.5 38.84
M 4 24 83.48 97.62
M 4 83 44.81 76.04
M 13 210 90.61 81.06
M 25 112 20.71 0.41
M 6 193 57.97 30.09
M 45 194 1.74 21.77
M 38 174 63.46 6.06
M 29 666 55.33 78.74
M 6 128 75.52 55.39
M 31 563 0.27 62.28
M 5 138 26.43 35.39
M 38 581 94.13 55.78
M 1 669 51.62 73.55
M 49 164 52.42 8.8
M 31 70 31.89 28.05
M 3 513 76.69 70.82
M 30 445 97.81 65.88
M 23 501 70.58 74.65
M 40 118 95.43 35.7
M 25 634 10.04 87.27
M 27 19 6.7 92.31
M 8 671 67.97 84.79
M 19 671 42.16 83.07
M 21 664 21.46 81.45
M 32 675 96.86 12.2
M 25 10 89.17 19.03
M 23 692 42.77 24.09
M 50 513 45.43 82.41
M 37 147 59.1 28.71
M 22 2 20.32 12.28
M 26 525 78.38 76.04
M 19 264 53.76 30.24
M 2 564 17.88 70.41
M 43 553 86.01 49.06
M 18 635 96.05 73.55
M 1 629 66.33 90.18
M 34 647 42.05 58.67
M 5 534 59.7 8.74
M 29 516 96.72 60.12
M 31 544 72.67 79.07
M 34 453 1.96 61.97
M 40 396 44.41 94.14
M 5 72 70.09 60.49
M 22 700 6.81 84.23
M 33 564 86.96 11.54
M 42 559 25.77 47.27
M 21 535 36.22 50.44
M 6 90 44.85 70.02
M 43 181 7.11 72.29
M 45 484 87.19 78.85
M 40 641 6.69 9.47
M 15 425 87.57 37.1
M 26 383 28.38 87.97
M 9 152 60.04 92.96
M 14 399 46.64 95.45
M 33 494 10.37 55.1
M 21 371 72.21 61.53
M 11 690 83.96 67.63
M 35 501 68.3 57.73
M 30 426 53.7 21.95
M 48 337 12.39 22.38
M 12 648 63.55 28.21
M 25 371 84.69 84.8
M 40 249 83.59 9.9
M 30 538 99.39 46.54
M 47 636 66.74 48.54
M 46 320 13.59 5.25
M 33 393 93.51 24.0
M 38 188 29.16 3.61
M 47 222 97.51 82.48
M 16 358 64.02 13.77
M 46 612 79.77 51.8
M 15 475 88.74 30.5
M 47 287 26.38 76.76
M 28 335 35.76 82.94
M 30 245 46.23 33.39
M 5 449 31.62 10.15
M 45 89 36.96 74.57
M 14 478 52.92 0.69
M 3 114 26.6 40.96
M 10 545 15.1 4.02
M 40 383 25.13 41.7
M 12 594 67.67 78.39
M 39 624 36.29 58.68
M 12 196 20.61 71.04
M 42 258 41.92 82.05
M 4 591 92.51 21.21
M 44 483 41.42 92.79
M 45 281 28.47 16.92
M 38 346 64.8 52.33
M 37 186 81.01 68.0
M 27 210 48.08 90.5
M 26 693 39.84 28.17
M 17 309 53.47 84.81
M 15 631 10.38 68.08
M 34 93 15.53 45.55
M 31 416 52.75 9.7
M 4 267 12.81 39.44
M 27 285 87.82 75.94
M 12 177 40.65 56.29
M 12 198 19.6 67.12
M 47 677 70.27 32.32
M 39 246 20.43 65.38
M 18 304 80.89 64.2
M 14 86 36.97 47.05
M 6 638 24.38 91.36
M 7 182 95.67 12.9
M 44 316 45.46 33.34
M 21 30 14.12 93.96
M 44 259 50.0 0.08
M 43 306 4.36 8.33
M 41 66 44.31 91.01
M 27 677 53.44 15.0
M 34 355 40.56 17.69
M 1 372 16.89 14.98
M 44 632 33.82 12.7
M 20 119 11.68 10.53
M 29 8 16.4 70.47
M 24 484 34.11 15.52
M 47 476 89.16 43.7
M 4 442 13.35 69.0
M 19 324 67.88 54.63
M 45 238 33.21 94.8
M 37 351 77.92 71.7
M 36 481 18.57 82.67
M 18 301 10.94 87.32
M 32 194 27.81 87.17
M 6 10 69.24 81.33
M 4 224 31.83 82.41
M 43 44 49.92 19.34
M 3 280 88.36 74.32
M 32 195 46.78 65.23
M 41 584 80.33 81.57
M 10 76 86.95 44.13
M 1 216 49.91 79.21
M 22 389 77.33 74.79
M 50 202 6.49 57.52
M 45 516 46.63 74.07
M 12 282 81.66 47.7
M 7 211 78.59 34.6
M 3 619 93.23 81.56
M 18 143 17.06 77.01
M 36 511 55.24 63.3
M 24 47 29.78 39.72
M 46 598 42.23 8.98
M 48 48 6.26 17.54
M 3 257 98.51 13.8
M 42 511 91.0 5.31
M 9 225 12.22 30.55
M 26 475 72.82 25.43
M 16 441 70.85 57.69
M 27 106 19.71 1.29
M 20 317 13.67 44.63
M 8 41 21.37 89.6
M 17 609 43.59 8.87
M 9 419 13.57 45.42
M 41 237 44.81 6.85
M 25 385 52.79 45.16
M 24 635 83.85 14.18
M 25 521 11.1 67.87
M 11 164 63.32 6.43
M 50 610 45.76 82.95
M 12 518 27.38 65.1
M 30 233 37.26 61.2
M 34 172 84.3 68.88
M 40 573 40.96 80.62
M 39 13 48.61 19.9
M 6 555 7.4 18.53
M 33 86 4.42 58.36
M 4 503 97.4 90.61
M 43 112 68.49 52.47
M 35 159 50.8 44.21
M 42 636 99.8 41.11
M 26 317 80.18 45.73
M 41 338 6.75 62.66
M 28 491 16.9 8.14
M 23 313 67.5 70.03
M 47 284 80.23 76.55
M 10 122 55.52 89.94
M 5 293 87.27 36.75
M 12 587 33.94 87.43
M 30 18 57.77 44.92
M 16 385 32.55 28.92
M 39 180 49.42 64.61
M 47 698 60.62 70.08
M 15 295 74.12 91.46
M 24 172 41.63 11.09
M 2 364 28.88 81.31
M 32 41 68.55 11.66
M 8 357 80.92 61.36
M 4 296 68.17 59.82
M 19 457 40.38 77.95
M 30 327 50.08 4.02
M 30 267 91.71 93.48
M 46 330 25.97 65.49
M 8 272 85.33 55.51
M 35 293 22.66 66.47
M 23 467 85.72 64.91
M 20 69 32.09 91.01
M 44 382 28.93 98.63
M 26 432 34.92 76.16
M 21 675 25.41 55.72
M 49 585 58.7 78.26
M 43 247 67.77 24.41
M 40 230 14.2 1.63
M 9 85 33.34 38.86
M 1 635 51.84 57.86
M 20 679 84.23 95.82
M 42 231 81.93 25.33
M 21 345 96.29 22.7
M 32 29 95.5 6.25
M 43 604 89.47 10.62
M 26 145 78.87 46.19
M 43 398 2.72 19.26
M 29 216 98.6 74.65
M 3 333 43.59 69.96
M 28 192 70.87 49.44
M 3 613 59.15 75.44
M 44 35 93.17 86.81
M 42 256 62.96 1.44
M 10 650 87.66 22.37
M 38 322 32.12 92.67
M 48 12 50.38 40.99
M 43 639 42.56 24.17
M 3 646 20.47 30.33
M 50 187 5.76 6.44
M 46 115 53.28 40.16
M 37 662 54.47 56.79
M 50 140 53.69 83.23
M 19 499 79.12 20.25
M 49 108 90.68 86.32
M 19 223 40.22 62.45
M 22 393 29.25 90.28
M 15 652 58.53 45.47
M 16 341 77.53 71.76
M 14 203 93.91 42.17
M 16 566 70.6 23.48
M 38 355 63.72 50.24
M 35 268 96.24 65.73
M 23 322 87.87 30.1
M 39 382 80.77 26.29
M 1 74 23.23 41.9
M 42 222 10.5 1.8
M 45 164 53.74 16.15
M 31 637 17.52 80.15
M 19 97 38.29 27.5
M 9 23 99.38 27.79
M 43 555 90.2 60.85
M 40 124 58.12 77.86
M 2 553 62.53 61.31
M 31 582 54.46 2.53
M 11 641 98.99 72.64
M 35 36 62.59 79.35
M 4 520 52.38 60.26
M 25 37 2.89 88.78
M 30 438 78.47 93.82
M 10 53 69.82 24.47
M 6 588 85.01 81.52
M 48 240 92.15 93.2
M 16 147 17.27 58.03
M 11 653 96.24 61.85
M 13 431 29.12 28.19
M 27 421 9.72 72.92
M 25 581 67.94 50.17
M 27 51 52.56 88.95
M 5 27 49.06 57.68
M 6 135 82.76 89.25
M 37 100 85.26 12.44
M 44 72 38.58 5.31
M 36 307 50.86 23.95
M 9 18 56.93 51.6
M 46 144 27.08 49.3
M 40 400 59.4 79.71
M 7 348 13.19 93.87
M 44 206 36.78 69.62
M 39 531 58.75 95.2
M 38 487 41.54 95.28
M 9 425 75.64 41.72
M 17 294 85.29 83.65
M 16 602 97.41 92.11
M 19 672 98.82 70.22
M 47 271 63.06 47.26
M 38 375 83.74 48.26
M 46 368 10.99 47.9
M 20 438 43.18 99.08
M 3 20 38.87 27.67
M 26 566 58.83 81.98
M 21 641 6.71 67.69
M 29 56 23.88 53.95
M 24 109 75.05 81.13
M 8 417 74.24 0.23
M 9 604 78.96 57.76
M 5 504 22.6 29.11
M 45 469 4.57 92.57
M 7 232 55.96 18.59
M 30 121 30.1 99.54
M 9 606 41.98 67.06
M 13 390 4.55 48.54
M 28 306 29.92 71.53
M 49 442 76.2 93.74
M 38 698 9.42 8.9
M 33 654 33.02 29.1
M 29 546 41.4 93.09
M 41 619 22.87 25.83
M 34 40 88.01 61.97
M 10 650 45.68 24.7
M 18 183 52.75 61.07
M 24 320 11.77 33.47
M 12 272 84.94 22.98
M 5 477 96.86 60.54
M 34 161 45.22 13.34
M 34 631 88.54 38.55
M 45 63 37.74 12.24
M 15 604 1.65 95.03
M 43 482 88.14 52.8
M 31 490 36.29 27.64
M 25 533 56.31 38.02
M 5 532 18.33 71.71
M 39 38 26.8 45.83
M 38 209 61.59 89.46
M 18 392 17.75 47.91
M 45 375 82.47 51.73
M 2 587 42.1 83.76
M 25 628 78.16 13.2
M 45 664 71.6 91.21
M 48 673 71.43 84.09
M 14 469 94.69 61.37
M 26 263 62.4 4.68
M 4 273 40.96 64.27
M 13 610 20.9 90.46
M 47 141 73.24 2.42
M 9 460 25.02 12.14
M 4 607 46.53 22.59
M 21 553 25.76 17.92
M 42 364 12.8 65.52
M 3 673 28.66 10.27
M 13 673 60.08 79.96
M 37 542 44.73 28.37
M 34 519 58.95 52.33
M 42 168 58.09 58.75
M 27 436 83.24 60.67
M 41 630 9.55 63.27
M 47 266 44.08 92.44
M 43 469 63.03 89.78
M 14 73 29.09 54.41
M 30 575 27.81 93.14
M 23 362 57.48 75.22
M 36 530 10.52 31.84
M 20 97 27.15 97.39
M 14 456 26.31 24.36
M 16 109 37.35 78.98
M 34 302 31.6 29.63
M 2 485 16.33 2.65
M 44 202 11.77 26.11
M 29 513 51.22 21.69
M 42 481 16.77 21.53
M 15 599 73.12 88.1
M 2 557 50.9 61.99
M 47 101 39.71 83.73
M 29 625 68.21 39.37
M 6 66 79.43 17.47
M 47 410 51.71 51.69
M 30 118 20.86 43.07
M 11 537 29.67 62.03
M 15 3 40.82 24.81
M 14 333 66.56 83.61
M 40 74 83.98 81.66
M 28 416 89.36 93.65
M 15 537 25.13 43.17
M 27 229 75.65 42.35
M 25 343 23.95 77.79
M 36 698 88.16 73.31
M 49 572 39.44 59.32
M 32 377 29.76 71.68
M 39 180 37.49 36.47
M 23 223 64.46 39.78
M 21 316 8.97 50.34
M 36 76 65.09 57.49
M 50 378 98.64 40.4
M 26 341 46.97 80.36
M 14 640 43.55 67.15
M 42 223 90.63 34.42
M 41 185 24.79 57.61
M 38 361 10.59 11.24
M 7 257 89.18 84.05
M 1 335 36.46 37.07
M 17 156 57.21 83.36
M 3 356 31.09 36.74
M 37 557 15.61 13.07
M 32 663 42.14 18.36
M 12 29 20.37 6.94
M 48 205 30.31 69.55
M 10 207 13.98 13.09
M 6 407 32.01 52.89
M 35 626 13.03 61.28
M 1 319 63.56 28.55
M 38 429 70.56 67.88
M 45 582 95.2 92.74
M 22 433 61.2 37.23
M 43 68 25.29 97.51
M 34 66 35.02 94.28
M 21 195 44.93 81.06
M 48 516 21.02 14.2
M 7 531 73.7 53.19
M 11 69 52.14 56.45
M 48 432 37.97 2.57
M 16 62 45.67 86.9
M 13 692 80.23 8.86
M 31 449 87.25 46.99
M 44 41 40.0 36.45
M 10 175 51.44 86.94
M 46 187 28.53 44.14
M 38 71 19.35 90.3
M 5 366 41.49 40.78
M 38 61 47.51 78.97
M 4 43 90.76 35.83
M 42 576 72.89 18.9
M 27 605 94.62 38.13
M 34 590 97.56 61.89
M 45 188 66.82 22.86
M 10 176 26.14 27.55
M 50 93 77.7 54.56
M 15 119 38.17 32.72
M 29 683 84.21 84.77
M 18 548 69.4 98.44
M 47 545 9.67 61.29
M 46 179 53.93 4.33
M 42 66 41.88 86.54
M 8 113 68.36 62.46
M 16 236 7.61 81.2
M 19 297 75.72 5.0
M 14 114 55.47 68.66
M 5 618 15.9 41.44
M 38 683 43.67 81.4
M 47 36 42.64 73.82
M 44 338 1.46 28.06
M 31 652 39.29 42.69
M 50 39 5.8 64.11
M 33 24 43.2 9.39
M 37 676 45.6 89.61
M 5 309 73.92 33.08
M 37 470 44.33 13.9
M 36 141 12.4 38.6
M 43 667 78.61 83.21
M 3 268 69.77 55.77
M 36 449 91.4 99.98
M 28 604 74.5 72.24
M 35 255 22.98 71.01
M 44 115 8.89 11.24
M 20 668 20.2 84.31
M 43 52 71.74 41.88
M 7 286 99.48 49.57
M 12 477 57.08 57.31
M 47 42 50.47 1.66
M 34 24 43.13 35.98
M 3 305 21.37 75.35
M 48 370 24.78 58.94
M 19 22 7.77 25.95
M 2 457 35.03 56.42
M 29 676 19.3 62.19
M 3 515 7.53 86.24
M 49 690 86.55 8.64
M 29 32 51.46 9.58
M 41 218 81.81 88.6
M 38 658 27.59 51.7
M 45 396 9.12 57.61
M 49 659 35.9 76.4
M 25 128 21.29 74.2
M 15 652 49.76 61.8
M 29 225 11.47 20.98
M 12 156 66.64 12.71
M 33 272 74.03 22.24
M 26 435 60.6 36.56
M 39 61 0.52 11.84
M 24 383 20.49 75.96
M 47 572 1.87 21.77
M 29 318 8.35 95.4
M 6 281 9.41 27.67
M 8 680 1.61 42.6
M 3 140 31.73 30.81
M 3 119 4.29 44.98
M 8 677 67.57 51.07
M 28 104 79.48 21.79
M 31 266 82.76 38.31
M 6 690 0.65 16.6
M 8 584 8.45 55.75
M 33 477 90.83 8.79
M 26 467 86.25 96.63
M 26 324 41.31 80.43
M 2 237 49.03 24.51
M 22 356 49.46 3.83
M 32 627 37.5 29.18
M 47 365 40.8 76.07
M 36 515 56.67 34.71
M 19 444 85.37 83.7
M 4 359 67.77 62.09
M 33 225 99.37 25.65
M 13 675 7.78 1.35
M 9 280 42.12 9.35
M 25 101 3.57 79.85
M 16 179 85.34 33.33
M 47 440 15.93 44.95
M 44 166 7.18 31.94
M 18 99 89.99 65.63
M 38 18 64.84 54.21
M 6 630 79.72 3.62
M 21 562 84.08 94.79
M 4 634 61.54 73.56
M 10 200 96.98 72.33
M 26 541 84.18 76.32
M 28 573 65.58 87.13
M 49 519 93.39 51.56
M 5 385 93.08 58.66
M 22 598 61.93 16.31
M 43 210 90.4 59.71
M 5 190 84.35 59.28
M 24 292 35.16 28.83
M 21 666 14.66 25.19
M 7 292 84.6 2.98
M 17 153 89.6 72.45
M 28 261 75.07 81.01
M 16 405 48.92 13.36
M 16 97 77.17 5.19
M 9 258 50.26 5.36
M 44 169 82.89 7.7
M 5 254 77.04 85.14
M 7 92 88.85 2.49
M 50 170 77.5 68.32
M 14 446 19.23 77.45
M 34 221 86.4 1.19
M 46 623 37.89 65.3
M 10 44 48.4 7.06
M 44 619 59.74 29.23
M 35 292 96.47 47.96
M 2 521 92.49 14.77
M 41 41 58.38 91.34
M 21 182 40.08 74.28
M 16 432 27.5 91.36
M 40 415 43.93 89.02
M 6 552 47.05 11.23
M 21 658 75.62 15.4
M 34 497 30.38 8.15
M 49 177 85.56 63.35
M 30 166 80.5 18.75
M 9 468 47.66 24.44
M 6 129 54.35 45.01
M 19 531 80.88 61.6
M 15 421 81.84 72.12
M 28 79 36.7 5.69
M 49 335 27.91 68.89
M 5 176 45.78 79.01
M 50 200 76.24 94.54
M 26 118 69.24 97.91
M 28 244 25.02 88.49
M 36 24 16.15 75.2
M 32 517 10.16 30.21
M 25 352 81.91 45.31
M 11 597 84.05 9.9
M 18 119 57.26 53.97
M 30 689 34.6 90.67
M 41 623 84.59 17.14
M 33 256 9.06 2.15
M 14 158 64.42 95.11
M 11 351 77.48 54.56
M 37 636 54.22 45.65
M 34 606 99.72 3.9
M 31 649 93.45 32.54
M 41 509 43.85 25.51
M 50 306 43.03 29.11
M 28 611 25.82 13.95
M 29 86 51.3 85.95
M 29 463 16.11 28.15
M 44 178 7.38 75.78
M 36 395 9.94 36.73
M 5 578 81.06 17.16
M 33 52 75.29 18.99
M 28 457 12.13 39.43
M 38 523 55.17 41.85
M 44 632 32.43 8.76
M 10 620 65.73 84.31
M 20 405 78.94 62.2
M 15 321 95.63 78.26
M 43 694 74.61 88.91
M 34 451 88.38 23.29
M 25 368 75.98 12.46
M 42 461 43.0 43.2
M 32 126 29.67 67.75
M 45 113 82.74 89.02
M 44 622 11.3 18.78
M 42 693 65.64 99.97
M 36 285 57.18 35.29
M 13 49 71.61 13.81
M 34 654 28.93 90.19
M 16 252 94.74 98.55
M 32 394 49.63 60.82
M 13 203 10.39 76.62
M 44 206 73.41 33.43
M 20 563 96.46 12.34
M 29 311 44.86 88.61
M 5 248 28.96 70.46
M 39 229 32.34 46.6
M 50 598 36.66 96.43
M 32 266 28.45 26.96
M 16 585 1.56 17.61
M 23 582 2.48 19.39
M 34 293 30.07 55.1
M 26 660 54.38 62.05
M 3 576 42.29 39.2
M 23 523 91.81 64.42
M 33 318 75.3 87.11
M 10 321 8.22 92.35
M 22 510 44.94 65.08
M 19 275 9.29 27.26
M 29 194 95.81 35.02
M 27 427 31.51 99.0
M 16 378 27.4 61.4
M 4 302 56.02 94.71
M 14 651 87.66 83.88
M 50 387 7.41 54.84
M 48 44 95.06 84.07
M 29 461 65.64 27.28
M 3 486 51.93 79.02
M 19 605 99.75 72.49
M 8 124 91.06 56.15
M 19 249 36.45 13.71
M 42 662 5.63 35.31
M 49 401 33.6 75.02
M 50 161 66.51 94.98
M 10 239 95.95 46.37
M 42 554 60.32 50.5
M 13 119 83.43 45.08
M 14 358 32.17 62.89
M 3 547 22.52 48.25
M 43 290 50.8 26.29
M 40 502 67.79 97.51
M 5 218 56.98 21.7
M 35 48 16.4 66.78
M 44 33 51.32 9.35
M 27 419 69.5 85.23
M 22 198 97.67 13.45
M 43 354 69.51 34.55
M 26 610 41.68 37.8
M 50 297 83.27 12.63
M 13 507 4.62 57.13
M 16 290 37.05 27.14
M 14 98 91.51 64.38
M 19 118 39.55 35.4
M 24 698 11.14 76.65
M 42 501 48.25 50.77
M 38 487 80.43 2.17
M 19 485 77.27 29.12
M 41 418 55.79 98.21
M 28 477 38.29 15.32
M 29 610 60.46 16.31
M 27 451 0.43 14.52
M 44 122 32.59 76.01
M 31 500 49.13 1.37
M 28 182 47.32 79.11
M 32 439 92.04 24.51
M 36 416 99.33 51.4
M 24 46 75.23 49.25
M 26 241 90.98 4.37
M 44 7 53.77 71.73
M 34 305 51.15 90.03
M 10 616 19.9 38.04
M 2 182 41.12 90.97
M 20 122 93.39 88.74
M 44 75 3.04 48.29
M 5 393 2.5 18.26
M 7 547 32.72 84.29
M 15 486 18.44 62.5
M 34 207 71.3 83.41
M 13 373 29.3 77.16
M 12 117 57.62 35.79
M 11 352 80.05 76.61
M 6 380 31.53 35.47
C 5
C 10
C 15
C 20
C 25
C 30
C 35
C 40
C 45
C 50
C 55
C 60
C 65
C 70
C 75
C 80
C 85
C 90
C 95
C 100
C 105
C 110
C 115
C 120
C 125
C 130
C 135
C 140
C 145
C 150
