O 0 0.00 13.15 2.27
O 1 45.87 53.28 0.66
O 2 4.70 67.89 2.04
O 3 93.47 38.35 1.56
O 4 83.10 3.46 0.16
O 5 52.97 67.11 0.02
O 6 38.34 6.68 1.25
O 7 68.68 58.90 2.79
O 8 84.62 52.69 0.28
O 9 65.39 41.60 2.10
O 10 91.03 76.22 0.79
O 11 4.75 73.61 0.98
O 12 63.26 75.64 2.97
O 13 36.53 24.70 2.95
O 14 72.27 75.34 1.95
M 1 0 0.00 10.30
M 2 1 44.58 50.28
M 3 2 7.23 70.01
M 4 3 94.24 37.56
M 5 4 85.13 3.75
M 6 5 50.09 67.69
M 7 6 36.26 3.85
M 8 7 66.68 59.51
M 9 8 85.92 51.61
M 10 9 70.48 40.66
M 11 10 89.65 76.28
M 12 11 7.76 71.05
M 13 12 65.08 77.99
M 14 13 33.67 26.67
M 15 14 69.47 78.76
C 16
M 17 0 1.17 8.33
M 18 1 45.11 48.36
M 19 2 5.52 73.39
M 20 3 92.79 41.43
M 21 4 79.10 8.50
M 22 5 50.73 70.96
M 23 6 37.13 0.41
M 24 7 69.12 57.43
M 25 8 87.75 49.79
M 26 9 68.57 40.34
M 27 10 93.14 73.34
M 28 11 9.95 74.65
M 29 12 62.41 74.40
M 30 13 35.39 29.63
M 31 14 71.90 83.48
C 32
M 33 0 3.48 8.91
M 34 1 48.67 52.22
M 35 2 9.58 76.32
M 36 3 91.56 38.87
M 37 4 77.95 6.87
M 38 5 49.17 68.02
M 39 6 39.30 2.20
M 40 7 67.80 57.99
M 41 8 85.48 51.32
M 42 9 68.28 41.34
M 43 10 91.17 69.58
M 44 11 8.10 72.38
M 45 12 63.34 73.22
M 46 13 34.03 28.76
M 47 14 74.09 84.93
C 48